,Threshold,tau,tau_err,Cl1,Cl2,Cl1_err,Cl2_err,Interevent,Intervent_err
0,0.6,200.0,0.0,66.8,2.85,27.154373496731605,1.4239030865898143,11.825183701072028,0.36879326597785683
1,0.6368421052631579,200.0,0.0,67.65,4.75,30.937477272718926,2.6995369973386176,12.665609918203648,0.369026367953161
2,0.6736842105263158,200.0,0.0,67.85,2.75,24.763430699319514,1.3738631664034087,15.29038687819721,0.483592207823573
3,0.7105263157894737,200.0,0.0,46.2,3.3,21.818799233688367,1.9261360284258222,18.651804691982075,0.45847477183086727
4,0.7473684210526316,200.0,0.0,51.2,2.5,22.393302570188258,1.284523257866513,20.630604769438342,0.7031145779106426
5,0.7842105263157895,200.0,0.0,47.45,2.4,26.826246476165835,1.2806248474865698,24.683100729499625,1.1204105003200668
6,0.8210526315789474,161.65,74.439421679645,39.55,2.6,23.589139450179186,1.6248076809271919,31.937664272308684,1.5882078913215862
7,0.8578947368421053,75.25,62.269474865298164,29.9,1.7,52.511808195871524,1.4177446878757827,44.94587550817001,5.1320041269493855
8,0.8947368421052632,77.75,74.12211208539594,22.65,1.65,33.85745855790124,1.3143439428094916,47.460803125711635,4.108870752047097
9,0.9315789473684211,19.6,13.443957750603056,14.4,0.85,31.85655348589988,0.9096702699330126,92.62183366568038,30.239471444281133
10,0.968421052631579,18.65,7.564885987243957,17.65,0.65,35.64445959753072,0.852936105461599,125.8549139617327,22.955808611010774
11,1.0052631578947369,16.7,7.855571271397135,1.7,0.45,3.5227829907617076,0.5894913061275798,153.0085326167256,29.443686010777533
12,1.0421052631578949,16.3,3.7960505792204615,5.2,0.65,10.067770358922578,0.6538348415311012,164.1762965125153,23.85999830447265
13,1.0789473684210527,16.9,4.773887304912004,0.95,0.3,1.6874537030686205,0.4582575694955839,236.02731851190478,23.890806655795785
14,1.1157894736842104,7.9,3.8845849199110063,0.7,0.15,0.4582575694955839,0.35707142142714243,289.428675,5.633309889368134
15,1.1526315789473685,7.35,3.1188940347501393,0.6,0.35,0.48989794855663565,0.47696960070847283,291.5062483333333,4.141151783712739
16,1.1894736842105265,6.8,2.821347195933177,1.0,0.3,0.5477225575051661,0.4582575694955839,293.6222,1.3433023565493798
17,1.2263157894736842,6.75,4.217522969706271,0.7,0.25,0.45825756949558394,0.4330127018922193,292.40044166666667,3.8564667192028845
18,1.263157894736842,4.3,2.8301943396169813,0.7,0.15,0.4582575694955839,0.35707142142714243,294.66291666666666,1.5871016932516402
19,1.3,4.25,2.165063509461097,0.65,0.3,0.47696960070847283,0.4582575694955839,294.37715833333334,1.1410967013689082
